0 0.897281 0.460250 0.070922 0.064389
0 0.293238 0.778486 0.072430 0.150000
0 0.737738 0.492535 0.051555 0.051847
0 0.748547 0.577972 0.070609 0.064361
0 0.544289 0.733528 0.073797 0.110306
0 0.301063 0.596229 0.042797 0.074347
0 0.508844 0.566375 0.054641 0.063167
0 0.328020 0.541375 0.038570 0.062972
0 0.292254 0.506646 0.039008 0.062097
0 0.251699 0.551090 0.041086 0.049458
0 0.322051 0.417250 0.041477 0.034167
0 0.333816 0.486021 0.042555 0.046042
0 0.392578 0.634556 0.087844 0.190028
0 0.432031 0.568569 0.033812 0.067722
0 0.432031 0.508104 0.046250 0.062875
0 0.373586 0.473646 0.041234 0.040653
0 0.401234 0.415833 0.036172 0.031667
0 0.291113 0.438493 0.039367 0.036986
0 0.260934 0.453153 0.032992 0.033000
0 0.261496 0.482812 0.037867 0.035653
0 0.195988 0.388340 0.023805 0.021986
0 0.213512 0.402674 0.022117 0.021986
0 0.260184 0.409000 0.032992 0.024000
0 0.912867 0.598694 0.085063 0.067361
0 0.920270 0.551396 0.073273 0.048625
0 0.735258 0.795340 0.117109 0.171958
