0 0.440617 0.581764 0.052109 0.067083
0 0.447813 0.457743 0.046500 0.048264
0 0.626020 0.499549 0.052102 0.053181
0 0.491508 0.462472 0.038531 0.040222
0 0.532348 0.674667 0.070008 0.105194
0 0.499820 0.556868 0.065250 0.073042
0 0.839027 0.618604 0.091758 0.080875
0 0.595125 0.528715 0.048922 0.060597
0 0.722699 0.548438 0.064523 0.070153
0 0.350723 0.469542 0.043398 0.057972
0 0.249586 0.515625 0.046422 0.073167
0 0.243730 0.432451 0.038602 0.026681
0 0.253715 0.459132 0.033883 0.028819
0 0.176371 0.392146 0.022055 0.016708
0 0.207285 0.400264 0.035430 0.024583
0 0.288141 0.404438 0.025766 0.025236
0 0.327238 0.420188 0.030555 0.030042
0 0.364867 0.436535 0.037609 0.035514
0 0.384664 0.426000 0.018438 0.023139
0 0.431988 0.421660 0.033742 0.035847
0 0.516262 0.439882 0.052367 0.043819
0 0.834848 0.552965 0.082633 0.069875
0 0.971570 0.728243 0.056438 0.109875
0 0.285859 0.596250 0.071719 0.163611
0 0.342871 0.543014 0.040086 0.067778
