0 0.610254 0.474090 0.050336 0.051625
0 0.663152 0.476292 0.043758 0.030861
0 0.282738 0.782111 0.078508 0.169556
0 0.936516 0.692208 0.085641 0.076556
0 0.979398 0.580125 0.041125 0.071694
0 0.447281 0.573403 0.053781 0.065833
0 0.397578 0.657521 0.069687 0.137236
0 0.929129 0.608486 0.083602 0.075306
0 0.676910 0.580743 0.062211 0.066819
0 0.522504 0.693181 0.066523 0.116250
0 0.682719 0.721694 0.086203 0.128083
0 0.811191 0.676153 0.085023 0.082917
0 0.280262 0.992312 0.079914 0.015375
0 0.285680 0.629236 0.047578 0.072500
0 0.275078 0.590569 0.041594 0.061861
0 0.237074 0.522236 0.037367 0.050194
0 0.201840 0.475299 0.033914 0.045847
0 0.212172 0.435354 0.038531 0.033847
0 0.171320 0.392951 0.015750 0.018319
0 0.188719 0.398292 0.020625 0.019333
0 0.232570 0.399194 0.034219 0.032028
0 0.260105 0.412194 0.031273 0.027000
0 0.240445 0.466986 0.035016 0.038278
0 0.263906 0.447951 0.040906 0.037264
0 0.315238 0.415819 0.029805 0.028611
0 0.377734 0.408660 0.026063 0.021153
0 0.386797 0.435458 0.044875 0.044528
0 0.343113 0.485924 0.042945 0.065681
0 0.329289 0.546465 0.045437 0.060236
0 0.445906 0.466278 0.041250 0.039278
0 0.472871 0.420347 0.046008 0.042500
0 0.500184 0.484819 0.050086 0.051778
0 0.537465 0.435458 0.040789 0.035250
0 0.546352 0.580465 0.071609 0.097597
0 0.588902 0.533403 0.055977 0.054778
0 0.674418 0.962500 0.114289 0.075000
0 0.880387 0.961111 0.130664 0.077778
