0 0.576258 0.483083 0.050875 0.052889
0 0.209887 0.403250 0.020273 0.028556
0 0.224871 0.388285 0.027320 0.030292
0 0.243090 0.408479 0.030461 0.026458
0 0.264535 0.396813 0.023211 0.019847
0 0.313801 0.424319 0.026148 0.028556
0 0.309883 0.402556 0.030062 0.022639
0 0.360813 0.436076 0.033000 0.032208
0 0.371242 0.407000 0.033297 0.026639
0 0.445086 0.460333 0.038391 0.034472
0 0.458750 0.445007 0.030063 0.039347
0 0.487543 0.433514 0.036336 0.044222
0 0.877773 0.645674 0.082687 0.071264
0 0.246949 0.907264 0.098727 0.153556
0 0.675145 0.958583 0.121570 0.081528
0 0.423043 0.542368 0.058039 0.070181
0 0.495066 0.550333 0.053102 0.057611
0 0.236918 0.520215 0.036758 0.052347
0 0.264980 0.483958 0.038195 0.041972
0 0.229230 0.449396 0.041133 0.038653
0 0.176980 0.393937 0.020867 0.019319
0 0.596586 0.464181 0.033203 0.039083
0 0.409402 0.675194 0.059086 0.113833
0 0.284801 0.690958 0.060633 0.132806
0 0.340656 0.542938 0.051359 0.061986
0 0.850840 0.694007 0.089523 0.083181
0 0.521508 0.653722 0.071312 0.110250
0 0.267227 0.587076 0.047422 0.076542
0 0.700340 0.598917 0.066695 0.071306
0 0.715336 0.513646 0.055375 0.059792
0 0.456187 0.604014 0.051344 0.077194
0 0.774734 0.870417 0.118641 0.148306
