0 0.552844 0.472118 0.052297 0.055625
0 0.236824 0.442326 0.035398 0.030069
0 0.270258 0.436375 0.033563 0.028444
0 0.274711 0.462951 0.036187 0.033569
0 0.175199 0.376007 0.065039 0.071319
0 0.225152 0.407590 0.026227 0.023542
0 0.253605 0.400361 0.024914 0.024472
0 0.266453 0.414701 0.019672 0.017236
0 0.297258 0.405847 0.030406 0.023306
0 0.324137 0.442903 0.041680 0.048944
0 0.344859 0.418896 0.024391 0.024236
0 0.368063 0.437896 0.030156 0.030542
0 0.990824 0.642319 0.018023 0.057972
0 0.338211 0.525931 0.062266 0.090028
0 0.438078 0.582187 0.048578 0.062819
0 0.623305 0.679708 0.078016 0.101861
0 0.292566 0.503799 0.040148 0.049764
0 0.231051 0.467493 0.033305 0.036125
0 0.262273 0.898542 0.121719 0.191667
0 0.778332 0.642958 0.087617 0.117111
0 0.842543 0.615944 0.072773 0.069472
0 0.616543 0.497646 0.051570 0.059653
0 0.285625 0.625569 0.053938 0.103528
0 0.736105 0.518403 0.052773 0.050639
0 0.700043 0.537701 0.057023 0.058625
0 0.476270 0.632667 0.059898 0.081889
0 0.662145 0.469292 0.048398 0.043417
0 0.543680 0.580639 0.059687 0.077694
0 0.461418 0.519125 0.054539 0.065278
0 0.517535 0.432528 0.047461 0.035667
0 0.464367 0.452458 0.035266 0.034028
0 0.402809 0.450243 0.037758 0.032403
