0 0.301055 0.650069 0.051656 0.093056
0 0.507316 0.425160 0.102883 0.084764
0 0.628727 0.875750 0.121266 0.185722
0 0.472855 0.971167 0.107836 0.057667
0 0.373516 0.509056 0.045359 0.049528
0 0.321918 0.478813 0.041305 0.037347
0 0.803113 0.506889 0.068305 0.047667
0 0.258230 0.556764 0.040570 0.077417
0 0.651188 0.440007 0.122938 0.090292
0 0.331328 0.538944 0.042344 0.058444
0 0.275648 0.488646 0.038641 0.045542
0 0.299828 0.421097 0.025781 0.022361
0 0.709703 0.551840 0.060687 0.062014
0 0.821996 0.559021 0.068773 0.055764
0 0.424316 0.566549 0.052336 0.080403
0 0.955594 0.604542 0.060469 0.071000
0 0.565293 0.478840 0.051898 0.052153
0 0.682031 0.497563 0.052500 0.052875
0 0.567648 0.498556 0.055547 0.091250
0 0.778430 0.655236 0.084578 0.071583
0 0.283422 0.402069 0.028594 0.021250
0 0.248500 0.402903 0.028906 0.027639
0 0.212016 0.395056 0.034375 0.028611
0 0.177992 0.394847 0.020703 0.019306
0 0.188945 0.433576 0.037031 0.059292
0 0.254484 0.945646 0.091391 0.108708
