0 0.228832 0.933111 0.104398 0.133778
0 0.433418 0.948333 0.128602 0.103333
0 0.263262 0.545597 0.041773 0.058972
0 0.315902 0.477667 0.043523 0.037139
0 0.385148 0.482187 0.044406 0.040569
0 0.205527 0.394375 0.035648 0.025583
0 0.274230 0.409521 0.025367 0.024903
0 0.305230 0.402646 0.029180 0.019514
0 0.825617 0.553174 0.072453 0.071042
0 0.765852 0.602361 0.068687 0.075500
0 0.559059 0.775174 0.082117 0.124764
0 0.835090 0.689382 0.090305 0.084542
0 0.555629 0.460847 0.035242 0.038972
0 0.282715 0.652715 0.056102 0.099875
0 0.502848 0.649896 0.069930 0.107847
0 0.245195 0.468882 0.037844 0.045958
0 0.323691 0.420146 0.031242 0.026986
0 0.456711 0.471806 0.047063 0.038917
0 0.487457 0.459924 0.031727 0.034736
0 0.622051 0.450924 0.048617 0.033069
0 0.629332 0.475264 0.055820 0.035583
0 0.616699 0.502722 0.053711 0.046194
0 0.352063 0.438153 0.024984 0.019639
0 0.323359 0.525090 0.047531 0.072403
0 0.390664 0.430278 0.032422 0.030556
