0 0.613719 0.476444 0.036594 0.034639
0 0.249387 0.396486 0.026539 0.021944
0 0.212020 0.397528 0.026836 0.030306
0 0.180586 0.392917 0.028594 0.025250
0 0.347074 0.490528 0.044883 0.054306
0 0.265891 0.480715 0.042297 0.048875
0 0.306184 0.413299 0.020102 0.019597
0 0.482750 0.459958 0.040453 0.051111
0 0.528711 0.726479 0.068359 0.103097
0 0.718422 0.604090 0.064609 0.080347
0 0.850078 0.562396 0.061766 0.079153
0 0.785410 0.561993 0.099039 0.095264
0 0.276934 0.604681 0.046836 0.076667
0 0.456922 0.587201 0.055906 0.070347
0 0.591023 0.523118 0.037328 0.045514
0 0.386320 0.626479 0.060344 0.094069
0 0.482926 0.471910 0.041492 0.029542
0 0.575605 0.480167 0.052039 0.051056
0 0.775434 0.424979 0.048242 0.048014
0 0.818109 0.926236 0.156141 0.147528
0 0.454086 0.521736 0.047703 0.053889
0 0.407621 0.435500 0.030945 0.028583
0 0.375234 0.440875 0.035953 0.032333
0 0.435211 0.936979 0.130547 0.126042
0 0.259078 0.549014 0.042766 0.053472
