0 0.544996 0.502125 0.044727 0.050056
0 0.657918 0.699174 0.088586 0.113542
0 0.401004 0.677424 0.060992 0.114903
0 0.443539 0.502944 0.049437 0.066778
0 0.375477 0.520271 0.044766 0.050375
0 0.533008 0.585257 0.058094 0.068347
0 0.263656 0.417208 0.024422 0.027500
0 0.200621 0.448229 0.025789 0.033986
0 0.255996 0.476674 0.034289 0.043958
0 0.250078 0.447958 0.037625 0.036139
0 0.238191 0.404722 0.023461 0.023167
0 0.216262 0.409556 0.024023 0.022361
0 0.188840 0.392931 0.014508 0.016917
0 0.628617 0.510549 0.052250 0.047597
0 0.920125 0.651618 0.100234 0.102764
0 0.766156 0.642278 0.077375 0.085111
0 0.597602 0.826569 0.094047 0.139778
0 0.173598 0.397562 0.017336 0.019736
0 0.370273 0.587917 0.047422 0.068611
0 0.344223 0.423750 0.037398 0.026194
0 0.344051 0.402903 0.037961 0.026806
0 0.419574 0.433417 0.040961 0.041806
0 0.332418 0.479576 0.040680 0.042708
0 0.378590 0.477667 0.041477 0.040889
0 0.543172 0.456604 0.048500 0.041986
0 0.704352 0.502785 0.057219 0.068347
0 0.662734 0.965181 0.112828 0.068583
0 0.876016 0.929535 0.152859 0.140931
0 0.297258 0.418292 0.032156 0.031278
0 0.495988 0.628722 0.062242 0.102194
0 0.647059 0.565028 0.058961 0.055056
0 0.467348 0.438743 0.040352 0.050375
0 0.308668 0.521285 0.039961 0.057486
