0 0.340457 0.421069 0.031586 0.039028
0 0.668086 0.521965 0.043828 0.044931
0 0.423809 0.421687 0.037070 0.034153
0 0.507133 0.464465 0.040359 0.037986
0 0.874926 0.697778 0.079148 0.081972
0 0.273965 0.839493 0.085648 0.135764
0 0.853082 0.942514 0.107055 0.108250
0 0.433297 0.898958 0.103313 0.202083
0 0.296211 0.466750 0.043078 0.046111
0 0.344148 0.491965 0.039750 0.039375
0 0.599648 0.639201 0.072609 0.083958
0 0.562406 0.485271 0.043234 0.045125
0 0.565816 0.445167 0.044883 0.030083
0 0.830715 0.612056 0.071617 0.062139
0 0.190629 0.439243 0.029430 0.032625
0 0.190320 0.470799 0.020328 0.042875
0 0.189109 0.395958 0.023672 0.021028
0 0.231434 0.400139 0.017289 0.020222
0 0.253582 0.403104 0.030648 0.026708
0 0.308398 0.530958 0.042578 0.069417
0 0.239488 0.517917 0.039930 0.056667
0 0.381805 0.626410 0.050141 0.072819
0 0.985582 0.636264 0.028383 0.087583
0 0.639145 0.561507 0.038602 0.050625
