0 0.325480 0.421701 0.033102 0.026181
0 0.768801 0.568944 0.067367 0.067306
0 0.814422 0.519597 0.059906 0.057917
0 0.772852 0.652861 0.078312 0.090583
0 0.635223 0.557438 0.058961 0.051931
0 0.267133 0.410292 0.024094 0.024889
0 0.322211 0.404486 0.021641 0.015972
0 0.399098 0.447139 0.041789 0.029389
0 0.426719 0.433889 0.041641 0.037444
0 0.556723 0.466153 0.057023 0.061056
0 0.596902 0.468312 0.033695 0.043486
0 0.965617 0.707667 0.064375 0.065278
0 0.762918 0.409319 0.037430 0.050444
0 0.462691 0.949444 0.114289 0.095083
0 0.497332 0.481389 0.042758 0.038750
0 0.686523 0.742688 0.090188 0.116347
0 0.271941 0.832722 0.080508 0.161889
0 0.275813 0.707993 0.062688 0.101264
0 0.608117 0.889674 0.110719 0.182292
0 0.240984 0.409507 0.024875 0.025431
0 0.188930 0.399229 0.024578 0.019153
0 0.307020 0.469153 0.040914 0.031472
0 0.271812 0.484882 0.041562 0.045681
0 0.237727 0.533361 0.037625 0.044750
0 0.478750 0.610535 0.064172 0.092264
0 0.379660 0.617799 0.058508 0.095625
