0 0.222023 0.425299 0.032484 0.027375
0 0.195348 0.436493 0.024508 0.027875
0 0.205500 0.484910 0.036406 0.054514
0 0.453375 0.957597 0.119906 0.084639
0 0.866848 0.720812 0.096039 0.097514
0 0.620637 0.550562 0.052273 0.055542
0 0.267316 0.539250 0.040164 0.069194
0 0.502387 0.554028 0.049195 0.056472
0 0.396125 0.691528 0.059344 0.093444
0 0.745027 0.559569 0.055695 0.054778
0 0.289469 0.501903 0.037484 0.041806
0 0.560852 0.510090 0.048672 0.048569
0 0.734223 0.621708 0.070539 0.070389
0 0.663426 0.493278 0.048773 0.034500
0 0.650836 0.521826 0.059266 0.045458
0 0.506281 0.444785 0.119937 0.129958
0 0.439504 0.445160 0.034586 0.032597
0 0.241969 0.466326 0.038937 0.049708
0 0.774570 0.538681 0.052109 0.046250
0 0.428477 0.502069 0.045141 0.047972
0 0.368695 0.511000 0.046828 0.050333
0 0.348203 0.431958 0.034719 0.029694
0 0.219133 0.401396 0.030953 0.024181
